62.5995
124.646
248.973
497.367
993.627
1985.11
3966.06
7923.98
15831.9
31632.4
63202.4
126282
252319
504153
1.00734e+06
2.01278e+06
4.02174e+06
8.03591e+06
1.60567e+07
3.20834e+07
6.41068e+07
1.28094e+08
2.5595e+08
5.11424e+08
1.0219e+09
2.0419e+09
4.08002e+09
8.15249e+09
1.62899e+10
3.25497e+10
6.50392e+10
1.29958e+11
2.59676e+11
5.18872e+11
1.03678e+12
2.07165e+12
4.13947e+12
8.27129e+12
1.65273e+13
3.30239e+13
6.59867e+13
1.31851e+14
2.63458e+14
5.26426e+14
1.05187e+15
2.10179e+15
4.19968e+15
8.39154e+15
1.67674e+16
3.35036e+16
6.69447e+16
1.33764e+17
2.67278e+17
5.34057e+17
1.06711e+18
2.13222e+18
4.26044e+18
8.51288e+18
1.70097e+19
3.39874e+19
6.79107e+19
1.35693e+20
2.7113e+20
5.41746e+20
1.08247e+21
2.16288e+21
4.32164e+21
8.63506e+21
1.72537e+22
3.44744e+22
6.8883e+22
1.37634e+23
2.75005e+23
5.49482e+23
1.09791e+24
2.19371e+24
4.38319e+24
8.75792e+24
1.74989e+25
3.4964e+25
6.98603e+25
1.39585e+26
2.78899e+26
5.57255e+26
1.11342e+27
2.22467e+27
4.445e+27
8.88129e+27
1.77452e+28
3.54555e+28
7.08412e+28
1.41543e+29
2.82806e+29
5.65054e+29
1.12899e+30
2.25574e+30
4.507e+30
9.00503e+30
1.79921e+31
3.59483e+31
7.18248e+31
1.43506e+32
2.86724e+32
5.72871e+32
1.14459e+33
2.28687e+33
4.56912e+33
9.129e+33
1.82395e+34
3.6442e+34
7.28099e+34
1.45471e+35
2.90646e+35
5.80698e+35
1.16021e+36
2.31803e+36
4.6313e+36
9.25306e+36
1.8487e+37
3.69359e+37
7.37953e+37
1.47438e+38
2.94569e+38
5.88525e+38
1.17582e+39
2.34919e+39
4.69346e+39
9.37707e+39
1.87344e+40
3.74295e+40
7.478e+40
1.49402e+41
2.98488e+41
5.96343e+41
1.19142e+42
2.3803e+42
4.75552e+42
9.50088e+42
1.89814e+43
3.79221e+43
7.57627e+43
1.51362e+44
3.02398e+44
6.04142e+44
1.20698e+45
2.41133e+45
4.81742e+45
9.62434e+45
1.92277e+46
3.84133e+46
7.67423e+46
1.53316e+47
3.06295e+47
6.11914e+47
1.22247e+48
2.44224e+48
4.87906e+48
9.74728e+48
1.94728e+49
3.89022e+49
7.77173e+49
1.5526e+50
3.10172e+50
6.19646e+50
1.23789e+51
2.47299e+51
4.94037e+51
9.86953e+51
1.97166e+52
3.93882e+52
7.86865e+52
1.57193e+53
3.14025e+53
6.27327e+53
1.25321e+54
2.50352e+54
5.00125e+54
9.9909e+54
1.99586e+55
3.98707e+55
7.96482e+55
1.5911e+56
3.17847e+56
6.34947e+56
1.2684e+57
2.5338e+57
5.06161e+57
1.01112e+58
2.01984e+58
4.03487e+58
8.0601e+58
1.61009e+59
3.21632e+59
6.42491e+59
1.28343e+60
2.56377e+60
5.12133e+60
1.02302e+61
2.04356e+61
4.08214e+61
8.15431e+61
1.62886e+62
3.25373e+62
6.49946e+62
1.29829e+63
2.59337e+63
5.18031e+63
1.03478e+64
2.06698e+64
4.1288e+64
8.24727e+64
1.64739e+65
3.29063e+65
6.57297e+65
1.31293e+66
2.62255e+66
5.23844e+66
1.04636e+67
2.09004e+67
4.17474e+67
8.33879e+67
1.66562e+68
3.32694e+68
6.64529e+68
1.32734e+69
2.65123e+69
5.29557e+69
1.05773e+70
2.1127e+70
4.21987e+70
8.42865e+70
1.68351e+71
3.36258e+71
6.71625e+71
1.34147e+72
2.67937e+72
5.35158e+72
1.06889e+73
2.1349e+73
4.26407e+73
8.51665e+73
1.70103e+74
3.39745e+74
6.78566e+74
1.35528e+75
2.70687e+75
5.40632e+75
1.07978e+76
2.15659e+76
4.30722e+76
8.60253e+76
1.71812e+77
3.43145e+77
6.85334e+77
1.36875e+78
2.73366e+78
5.45963e+78
1.09039e+79
2.17769e+79
4.3492e+79
8.68603e+79
1.73473e+80
3.4645e+80
6.91906e+80
1.38182e+81
2.75966e+81
5.51134e+81
1.10067e+82
2.19814e+82
4.38986e+82
8.76689e+82
1.75081e+83
3.49646e+83
6.98261e+83
1.39446e+84
2.78477e+84
5.56126e+84
1.11059e+85
2.21786e+85
4.42907e+85
8.8448e+85
1.76629e+86
3.52723e+86
7.04374e+86
1.4066e+87
2.80891e+87
5.60921e+87
1.12012e+88
2.23678e+88
4.46664e+88
8.91943e+88
1.78111e+89
3.55666e+89
7.10219e+89
1.41821e+90
2.83195e+90
5.65495e+90
1.1292e+91
2.25481e+91
4.50242e+91
8.99044e+91
1.7952e+92
3.58463e+92
7.15768e+92
1.42922e+93
2.85379e+93
5.69827e+93
1.13779e+94
2.27185e+94
4.53622e+94
9.05746e+94
1.80849e+95
3.61097e+95
7.2099e+95
1.43957e+96
2.8743e+96
5.73892e+96
1.14584e+97
2.2878e+97
4.56783e+97
9.12006e+97
1.82089e+98
3.63552e+98
7.25851e+98
1.44919e+99
2.89335e+99
5.77662e+99
1.15331e+100
2.30257e+100
4.59703e+100
9.17782e+100
1.83231e+101
3.6581e+101
7.30315e+101
1.45802e+102
2.91079e+102
5.81108e+102
1.16011e+103
2.31601e+103
4.62358e+103
9.23024e+103
1.84266e+104
3.67852e+104
7.34344e+104
1.46596e+105
2.92646e+105
5.84198e+105
1.1662e+106
2.32801e+106
4.64722e+106
9.2768e+106
1.85183e+107
3.69657e+107
7.37895e+107
1.47295e+108
2.94019e+108
5.86897e+108
1.17151e+109
2.33843e+109
4.66767e+109
9.31694e+109
1.8597e+110
3.71201e+110
7.4092e+110
1.47887e+111
2.9518e+111
5.89167e+111
1.17595e+112
2.34711e+112
4.68462e+112
9.35001e+112
1.86615e+113
3.72458e+113
7.43369e+113
1.48364e+114
2.96106e+114
5.90967e+114
1.17944e+115
2.35387e+115
4.69772e+115
9.37535e+115
1.87104e+116
3.73402e+116
7.45186e+116
1.48713e+117
2.96776e+117
5.9225e+117
1.18189e+118
2.35855e+118
4.70661e+118
9.3922e+118
1.87423e+119
3.74001e+119
7.46309e+119
1.48922e+120
2.97165e+120
5.92966e+120
1.1832e+121
2.36092e+121
4.71086e+121
9.39971e+121
1.87553e+122
3.74221e+122
7.4667e+122
1.48978e+123
2.97244e+123
5.9306e+123
1.18326e+124
2.36077e+124
4.71003e+124
9.39699e+124
1.87477e+125
3.74027e+125
7.46194e+125
1.48866e+126
2.96984e+126
5.9247e+126
1.18193e+127
2.35784e+127
4.70361e+127
9.38299e+127
1.87174e+128
3.73375e+128
7.44796e+128
1.48568e+129
2.9635e+129
5.91126e+129
1.1791e+130
2.35186e+130
4.69103e+130
9.3566e+130
1.86621e+131
3.72219e+131
7.42385e+131
1.48065e+132
2.95305e+132
5.88954e+132
1.17459e+133
2.34251e+133
4.67167e+133
9.31654e+133
1.85793e+134
3.70509e+134
7.38856e+134
1.47338e+135
2.93806e+135
5.85867e+135
1.16823e+136
2.32945e+136
4.64482e+136
9.2614e+136
1.84661e+137
3.68186e+137
7.34093e+137
1.46361e+138
2.91805e+138
5.81769e+138
1.15985e+139
2.31228e+139
4.60971e+139
9.18959e+139
1.83194e+140
3.65187e+140
7.27966e+140
1.4511e+141
2.89251e+141
5.76556e+141
1.14921e+142
2.29059e+142
4.56546e+142
9.09938e+142
1.81355e+143
3.6144e+143
7.20332e+143
1.43555e+144
2.86084e+144
5.70109e+144
1.13609e+145
2.26388e+145
4.51112e+145
8.98884e+145
1.79106e+146
3.56868e+146
7.11035e+146
1.41665e+147
2.82243e+147
5.62302e+147
1.12022e+148
2.23165e+148
4.44565e+148
8.85587e+148
1.76406e+149
3.51385e+149
6.99905e+149
1.39406e+150
2.77657e+150
5.52998e+150
1.10134e+151
2.19335e+151
4.36796e+151
8.69829e+151
1.7321e+152
3.44905e+152
6.86766e+152
1.36742e+153
2.72258e+153
5.42054e+153
1.07917e+154
inf
inf
inf
inf
inf
inf
inf
inf
inf
inf
inf
inf
inf
inf
inf
inf
inf
inf
inf
inf
inf
inf
inf
inf
inf
inf
inf
inf
inf
inf
inf
inf
inf
inf
inf
inf
inf
inf
inf
inf
inf
inf
inf
inf
inf
inf
inf
inf
inf
inf
inf
inf
inf
inf
inf
inf
inf
inf
inf
inf
inf
inf
inf
inf
inf
inf
inf
inf
inf
inf
inf
inf
inf
inf
inf
inf
inf
inf
inf
inf
inf
inf
inf
inf
inf
inf
inf
inf
inf
inf
inf
inf
inf
inf
inf
inf
inf
inf
inf
inf
inf
inf
inf
inf
inf
inf
inf
inf
inf
inf
inf
inf
inf
inf
inf
inf
inf
inf
inf
inf
inf
inf
inf
inf
inf
inf
inf
inf
inf
inf
inf
inf
inf
inf
inf
inf
inf
inf
inf
inf
inf
inf
inf
inf
inf
inf
inf
inf
inf
inf
inf
inf
inf
inf
inf
inf
inf
inf
inf
inf
inf
inf
inf
inf
inf
inf
inf
inf
inf
inf
inf
inf
inf
inf
inf
inf
inf
inf
inf
inf
inf
inf
inf
inf
inf
inf
inf
inf
inf
inf
inf
inf
inf
inf
inf
inf
inf
inf
inf
inf
inf
inf
inf
inf
inf
inf
inf
inf
inf
inf
inf
inf
inf
inf
inf
inf
inf
inf
inf
inf
inf
inf
inf
inf
inf
inf
inf
inf
inf
inf
inf
inf
inf
inf
inf
inf
inf
inf
inf
inf
inf
inf
inf
inf
inf
inf
inf
inf
inf
inf
inf
inf
inf
inf
inf
inf
inf
inf
inf
inf
inf
inf
inf
inf
inf
inf
inf
inf
inf
inf
inf
inf
inf
inf
inf
inf
inf
inf
inf
inf
inf
inf
inf
inf
inf
inf
inf
inf
inf
inf
inf
inf
inf
inf
inf
inf
inf
inf
inf
inf
inf
inf
inf
inf
inf
inf
inf
inf
inf
inf
inf
inf
inf
inf
inf
inf
inf
inf
inf
inf
inf
inf
inf
inf
inf
inf
inf
inf
inf
inf
inf
inf
inf
inf
inf
inf
inf
inf
inf
inf
inf
inf
inf
inf
inf
inf
inf
inf
inf
inf
inf
inf
inf
inf
inf
inf
inf
inf
inf
inf
inf
inf
inf
inf
inf
inf
inf
inf
inf
inf
inf
inf
inf
inf
inf
inf
inf
inf
inf
inf
inf
inf
inf
inf
inf
inf
inf
inf
inf
inf
inf
inf
inf
inf
inf
inf
inf
inf
inf
inf
inf
inf
inf
inf
inf
inf
inf
inf
inf
inf
inf
inf
inf
inf
inf
inf
inf
inf
inf
inf
inf
inf
inf
inf
inf
inf
inf
inf
inf
inf
inf
inf
inf
inf
inf
inf
inf
inf
inf
inf
inf
inf
inf
inf
inf
inf
inf
inf
inf
inf
inf
inf
inf
inf
inf
inf
inf
inf
inf
inf
inf
inf
inf
inf
inf
inf
inf
inf
inf
inf
inf
inf
inf
inf
inf
inf
inf
inf
inf
inf
inf
inf
inf
inf
inf
inf
inf
inf
inf
inf
inf
inf
