43.3012
55.8752
74.0775
98.6543
131.482
175.256
233.611
311.4
415.096
553.327
737.596
983.238
1310.69
1747.22
2329.13
3104.87
4139
5517.59
7355.38
9805.33
13071.4
17425.4
23229.7
30967.5
41283
55034.7
73367.4
97807.3
130389
173824
231729
308925
411837
549033
731936
975772
1.30084e+06
1.73421e+06
2.31195e+06
3.08217e+06
4.10899e+06
5.4779e+06
7.30287e+06
9.73586e+06
1.29794e+07
1.73036e+07
2.30685e+07
3.0754e+07
4.10001e+07
5.46599e+07
7.28707e+07
9.71489e+07
1.29516e+08
1.72667e+08
2.30194e+08
3.06889e+08
4.09136e+08
5.45451e+08
7.27182e+08
9.69463e+08
1.29247e+09
1.72309e+09
2.29719e+09
3.06258e+09
4.08298e+09
5.44336e+09
7.25701e+09
9.67495e+09
1.28985e+10
1.71962e+10
2.29257e+10
3.05644e+10
4.07482e+10
5.43251e+10
7.24259e+10
9.65577e+10
1.2873e+11
1.71623e+11
2.28807e+11
3.05044e+11
4.06684e+11
5.42191e+11
7.22848e+11
9.63701e+11
1.28481e+12
1.71291e+12
2.28365e+12
3.04457e+12
4.05903e+12
5.41152e+12
7.21466e+12
9.61863e+12
1.28236e+13
1.70965e+13
2.27932e+13
3.03881e+13
4.05137e+13
5.40132e+13
7.20109e+13
9.60057e+13
1.27996e+14
1.70646e+14
2.27507e+14
3.03315e+14
4.04383e+14
5.39129e+14
7.18775e+14
9.58281e+14
1.27759e+15
1.70331e+15
2.27088e+15
3.02757e+15
4.03641e+15
5.38142e+15
7.1746e+15
9.56531e+15
1.27527e+16
1.70021e+16
2.26675e+16
3.02208e+16
4.0291e+16
5.37168e+16
7.16164e+16
9.54806e+16
1.27297e+17
1.69715e+17
2.26268e+17
3.01666e+17
4.02188e+17
5.36207e+17
7.14885e+17
9.53102e+17
1.2707e+18
1.69413e+18
2.25866e+18
3.0113e+18
4.01475e+18
5.35258e+18
7.13621e+18
9.51419e+18
1.26846e+19
1.69115e+19
2.25468e+19
3.00601e+19
4.00771e+19
5.34319e+19
7.12371e+19
9.49755e+19
1.26624e+20
1.68819e+20
2.25075e+20
3.00078e+20
4.00073e+20
5.33391e+20
7.11134e+20
9.48108e+20
1.26405e+21
1.68527e+21
2.24686e+21
2.9956e+21
3.99383e+21
5.32472e+21
7.0991e+21
9.46477e+21
1.26188e+22
1.68238e+22
2.24301e+22
2.99046e+22
3.987e+22
5.31561e+22
7.08697e+22
9.44862e+22
1.25973e+23
1.67951e+23
2.23919e+23
2.98538e+23
3.98022e+23
5.30659e+23
7.07495e+23
9.43261e+23
1.25759e+24
1.67667e+24
2.23541e+24
2.98034e+24
3.97351e+24
5.29764e+24
7.06304e+24
9.41674e+24
1.25548e+25
1.67386e+25
2.23166e+25
2.97534e+25
3.96685e+25
5.28877e+25
7.05122e+25
9.40099e+25
1.25338e+26
1.67106e+26
2.22793e+26
2.97038e+26
3.96024e+26
5.27997e+26
7.03949e+26
9.38537e+26
1.2513e+27
1.66829e+27
2.22424e+27
2.96546e+27
3.95369e+27
5.27124e+27
7.02786e+27
9.36986e+27
1.24923e+28
1.66554e+28
2.22057e+28
2.96057e+28
3.94718e+28
5.26256e+28
7.0163e+28
9.35447e+28
1.24718e+29
1.6628e+29
2.21693e+29
2.95572e+29
3.94071e+29
5.25395e+29
7.00482e+29
9.33918e+29
1.24515e+30
1.66009e+30
2.21331e+30
2.9509e+30
3.93429e+30
5.24539e+30
6.99342e+30
9.32399e+30
1.24312e+31
1.65739e+31
2.20972e+31
2.94611e+31
3.92791e+31
5.23689e+31
6.9821e+31
9.3089e+31
1.24111e+32
1.65471e+32
2.20615e+32
2.94136e+32
3.92157e+32
5.22845e+32
6.97084e+32
9.2939e+32
1.23911e+33
1.65205e+33
2.2026e+33
2.93663e+33
3.91527e+33
5.22005e+33
6.95965e+33
9.27899e+33
1.23713e+34
1.6494e+34
2.19907e+34
2.93193e+34
3.90901e+34
5.2117e+34
6.94853e+34
9.26416e+34
1.23515e+35
1.64677e+35
2.19557e+35
2.92725e+35
3.90278e+35
5.2034e+35
6.93747e+35
9.24942e+35
1.23319e+36
1.64415e+36
2.19208e+36
2.9226e+36
3.89658e+36
5.19515e+36
6.92647e+36
9.23476e+36
1.23123e+37
1.64155e+37
2.18861e+37
2.91798e+37
3.89042e+37
5.18693e+37
6.91552e+37
9.22018e+37
1.22929e+38
1.63896e+38
2.18516e+38
2.91338e+38
3.88429e+38
5.17876e+38
6.90464e+38
9.20567e+38
1.22735e+39
1.63638e+39
2.18172e+39
2.9088e+39
3.87819e+39
5.17064e+39
6.8938e+39
9.19124e+39
1.22543e+40
1.63382e+40
2.17831e+40
2.90425e+40
3.87212e+40
5.16255e+40
6.88303e+40
9.17687e+40
1.22352e+41
1.63127e+41
2.17491e+41
2.89972e+41
3.86608e+41
5.1545e+41
6.8723e+41
9.16258e+41
1.22161e+42
1.62873e+42
2.17152e+42
2.89521e+42
3.86007e+42
5.14649e+42
6.86162e+42
9.14835e+42
1.21971e+43
1.6262e+43
2.16815e+43
2.89072e+43
3.85409e+43
5.13852e+43
6.85099e+43
9.13418e+43
1.21783e+44
1.62368e+44
2.1648e+44
2.88625e+44
3.84813e+44
5.13058e+44
6.84041e+44
9.12008e+44
1.21595e+45
1.62118e+45
2.16146e+45
2.8818e+45
3.8422e+45
5.12267e+45
6.82988e+45
9.10604e+45
1.21408e+46
1.61869e+46
2.15814e+46
2.87737e+46
3.8363e+46
5.1148e+46
6.81939e+46
9.09206e+46
1.21221e+47
1.6162e+47
2.15483e+47
2.87296e+47
3.83042e+47
5.10697e+47
6.80895e+47
9.07814e+47
1.21036e+48
1.61373e+48
2.15153e+48
2.86857e+48
3.82456e+48
5.09916e+48
6.79854e+48
9.06427e+48
1.20851e+49
1.61127e+49
2.14825e+49
2.86419e+49
3.81873e+49
5.09139e+49
6.78818e+49
9.05047e+49
1.20667e+50
1.60881e+50
2.14498e+50
2.85983e+50
3.81292e+50
5.08365e+50
6.77786e+50
9.03671e+50
1.20484e+51
1.60637e+51
2.14172e+51
2.85549e+51
3.80714e+51
5.07593e+51
6.76759e+51
9.02301e+51
1.20301e+52
1.60394e+52
2.13848e+52
2.85117e+52
3.80137e+52
5.06825e+52
6.75735e+52
9.00936e+52
1.20119e+53
1.60151e+53
2.13525e+53
2.84686e+53
3.79563e+53
5.0606e+53
6.74714e+53
8.99576e+53
1.19938e+54
1.5991e+54
2.13203e+54
2.84257e+54
3.78991e+54
5.05297e+54
6.73698e+54
8.98222e+54
1.19757e+55
1.59669e+55
2.12882e+55
2.83829e+55
3.78421e+55
5.04538e+55
6.72685e+55
8.96872e+55
1.19577e+56
1.59429e+56
2.12562e+56
2.83403e+56
3.77853e+56
5.03781e+56
6.71676e+56
8.95527e+56
1.19398e+57
1.5919e+57
2.12244e+57
2.82978e+57
3.77287e+57
5.03026e+57
6.70671e+57
8.94187e+57
1.19219e+58
1.58952e+58
2.11926e+58
2.82555e+58
3.76723e+58
5.02275e+58
6.69669e+58
8.92851e+58
1.19041e+59
1.58715e+59
2.1161e+59
2.82134e+59
3.76161e+59
5.01525e+59
6.6867e+59
8.9152e+59
1.18864e+60
1.58478e+60
2.11295e+60
2.81713e+60
3.75601e+60
5.00779e+60
6.67675e+60
8.90193e+60
1.18687e+61
1.58242e+61
2.1098e+61
2.81295e+61
3.75043e+61
5.00035e+61
6.66683e+61
8.88871e+61
1.18511e+62
1.58007e+62
2.10667e+62
2.80877e+62
3.74486e+62
4.99293e+62
6.65694e+62
8.87553e+62
1.18335e+63
1.57773e+63
2.10355e+63
2.80461e+63
3.73932e+63
4.98554e+63
6.64709e+63
8.8624e+63
1.1816e+64
1.5754e+64
2.10044e+64
2.80046e+64
3.73379e+64
4.97817e+64
6.63727e+64
8.8493e+64
1.17986e+65
1.57307e+65
2.09734e+65
2.79633e+65
3.72828e+65
4.97082e+65
6.62747e+65
8.83625e+65
1.17812e+66
1.57075e+66
2.09425e+66
2.79221e+66
3.72278e+66
4.9635e+66
6.61771e+66
8.82324e+66
1.17638e+67
1.56844e+67
2.09116e+67
2.7881e+67
3.71731e+67
4.9562e+67
6.60798e+67
8.81027e+67
1.17465e+68
1.56614e+68
2.08809e+68
2.784e+68
3.71185e+68
4.94892e+68
6.59828e+68
8.79733e+68
1.17293e+69
1.56384e+69
2.08503e+69
2.77992e+69
3.7064e+69
4.94166e+69
6.58861e+69
8.78444e+69
1.17121e+70
1.56155e+70
2.08197e+70
2.77585e+70
3.70098e+70
4.93443e+70
6.57896e+70
8.77158e+70
1.1695e+71
1.55926e+71
2.07893e+71
2.77179e+71
3.69557e+71
4.92722e+71
6.56935e+71
8.75877e+71
1.16779e+72
1.55698e+72
2.07589e+72
2.76774e+72
3.69017e+72
4.92002e+72
6.55976e+72
8.74598e+72
1.16608e+73
1.55471e+73
2.07287e+73
2.76371e+73
3.68479e+73
4.91285e+73
6.5502e+73
8.73324e+73
1.16438e+74
1.55245e+74
2.06985e+74
2.75968e+74
3.67943e+74
4.9057e+74
6.54067e+74
8.72053e+74
1.16269e+75
1.55019e+75
2.06684e+75
2.75567e+75
3.67408e+75
4.89857e+75
6.53116e+75
8.70786e+75
1.161e+76
1.54794e+76
2.06383e+76
2.75167e+76
3.66874e+76
4.89146e+76
6.52168e+76
8.69523e+76
1.15932e+77
1.54569e+77
2.06084e+77
2.74768e+77
3.66342e+77
4.88437e+77
6.51223e+77
8.68262e+77
1.15764e+78
1.54345e+78
2.05786e+78
2.7437e+78
3.65812e+78
4.8773e+78
6.5028e+78
8.67006e+78
1.15596e+79
1.54122e+79
2.05488e+79
2.73973e+79
3.65283e+79
4.87024e+79
6.4934e+79
8.65753e+79
1.15429e+80
1.53899e+80
2.05191e+80
2.73577e+80
3.64755e+80
4.86321e+80
6.48403e+80
8.64503e+80
1.15262e+81
1.53677e+81
2.04895e+81
2.73183e+81
3.64229e+81
4.8562e+81
6.47467e+81
8.63256e+81
1.15096e+82
1.53456e+82
2.046e+82
2.72789e+82
3.63704e+82
4.8492e+82
6.46535e+82
8.62013e+82
1.14931e+83
1.53235e+83
2.04305e+83
2.72396e+83
3.63181e+83
4.84222e+83
6.45605e+83
8.60773e+83
1.14765e+84
1.53014e+84
2.04011e+84
2.72005e+84
3.62659e+84
4.83526e+84
6.44677e+84
8.59536e+84
1.146e+85
1.52795e+85
2.03718e+85
2.71614e+85
3.62138e+85
4.82832e+85
6.43752e+85
8.58302e+85
1.14436e+86
1.52575e+86
2.03426e+86
2.71224e+86
3.61619e+86
4.8214e+86
6.42829e+86
8.57072e+86
1.14272e+87
1.52357e+87
2.03135e+87
2.70836e+87
3.61101e+87
4.81449e+87
6.41908e+87
8.55845e+87
1.14108e+88
1.52139e+88
2.02844e+88
2.70448e+88
3.60584e+88
4.8076e+88
6.4099e+88
8.5462e+88
1.13945e+89
1.51921e+89
2.02554e+89
2.70062e+89
3.60068e+89
4.80073e+89
6.40074e+89
8.53399e+89
1.13782e+90
1.51704e+90
2.02264e+90
2.69676e+90
3.59554e+90
4.79388e+90
6.3916e+90
8.52181e+90
1.1362e+91
1.51488e+91
2.01976e+91
2.69291e+91
3.59041e+91
4.78704e+91
6.38248e+91
8.50966e+91
1.13458e+92
1.51272e+92
2.01688e+92
2.68907e+92
3.5853e+92
4.78022e+92
6.37339e+92
8.49754e+92
1.13296e+93
1.51056e+93
2.01401e+93
2.68524e+93
3.58019e+93
4.77342e+93
6.36432e+93
8.48545e+93
1.13135e+94
1.50841e+94
2.01114e+94
2.68143e+94
3.5751e+94
4.76663e+94
6.35527e+94
8.47338e+94
1.12974e+95
1.50627e+95
2.00828e+95
2.67762e+95
3.57002e+95
4.75986e+95
6.34624e+95
8.46135e+95
1.12814e+96
1.50413e+96
2.00543e+96
2.67381e+96
3.56496e+96
4.7531e+96
6.33724e+96
8.44934e+96
1.12654e+97
1.502e+97
2.00259e+97
2.67002e+97
3.5599e+97
4.74636e+97
6.32825e+97
8.43737e+97
1.12494e+98
1.49987e+98
1.99975e+98
2.66624e+98
3.55486e+98
4.73964e+98
6.31929e+98
8.42542e+98
1.12335e+99
1.49774e+99
1.99692e+99
2.66246e+99
3.54983e+99
4.73293e+99
6.31035e+99
8.4135e+99
1.12176e+100
1.49563e+100
1.9941e+100
2.6587e+100
3.54481e+100
4.72624e+100
6.30143e+100
8.4016e+100
1.12017e+101
1.49351e+101
1.99128e+101
2.65494e+101
3.5398e+101
4.71956e+101
6.29253e+101
8.38974e+101
1.11859e+102
1.4914e+102
1.98847e+102
2.65119e+102
3.5348e+102
4.7129e+102
6.28365e+102
8.3779e+102
1.11701e+103
1.4893e+103
1.98566e+103
2.64746e+103
3.52982e+103
4.70626e+103
6.27479e+103
8.36609e+103
1.11544e+104
1.4872e+104
1.98286e+104
2.64372e+104
3.52484e+104
4.69962e+104
6.26595e+104
8.3543e+104
1.11387e+105
1.4851e+105
1.98007e+105
2.64e+105
3.51988e+105
4.69301e+105
6.25713e+105
8.34254e+105
1.1123e+106
1.48302e+106
1.97728e+106
2.63629e+106
3.51493e+106
4.68641e+106
6.24832e+106
8.33081e+106
1.11074e+107
1.48093e+107
1.9745e+107
2.63258e+107
3.50999e+107
4.67982e+107
6.23954e+107
8.3191e+107
1.10918e+108
1.47885e+108
1.97173e+108
2.62888e+108
3.50506e+108
4.67325e+108
6.23078e+108
8.30742e+108
1.10762e+109
1.47677e+109
1.96896e+109
2.62519e+109
3.50014e+109
4.66669e+109
6.22204e+109
8.29577e+109
1.10606e+110
1.4747e+110
1.9662e+110
2.62151e+110
3.49523e+110
4.66015e+110
6.21332e+110
8.28414e+110
1.10451e+111
1.47264e+111
1.96345e+111
2.61784e+111
3.49033e+111
4.65362e+111
6.20461e+111
8.27254e+111
1.10297e+112
1.47057e+112
1.9607e+112
2.61417e+112
3.48545e+112
4.6471e+112
6.19593e+112
8.26096e+112
1.10142e+113
1.46852e+113
1.95795e+113
2.61052e+113
3.48057e+113
4.6406e+113
6.18726e+113
8.2494e+113
1.09988e+114
1.46646e+114
1.95522e+114
2.60687e+114
3.47571e+114
4.63412e+114
6.17861e+114
8.23788e+114
1.09835e+115
1.46441e+115
1.95248e+115
2.60323e+115
3.47085e+115
4.62764e+115
6.16999e+115
8.22637e+115
1.09681e+116
1.46237e+116
1.94976e+116
2.59959e+116
3.46601e+116
4.62119e+116
6.16137e+116
8.21489e+116
1.09528e+117
1.46033e+117
1.94704e+117
2.59596e+117
3.46117e+117
4.61474e+117
6.15278e+117
8.20344e+117
1.09376e+118
1.45829e+118
1.94432e+118
2.59235e+118
3.45635e+118
4.60831e+118
6.14421e+118
8.19201e+118
1.09223e+119
1.45626e+119
1.94162e+119
2.58873e+119
3.45153e+119
4.60189e+119
6.13565e+119
8.1806e+119
1.09071e+120
1.45423e+120
1.93891e+120
2.58513e+120
3.44673e+120
4.59549e+120
6.12711e+120
8.16921e+120
1.08919e+121
1.45221e+121
1.93622e+121
2.58154e+121
3.44193e+121
4.58909e+121
6.11859e+121
8.15786e+121
1.08768e+122
1.45019e+122
1.93352e+122
2.57795e+122
3.43715e+122
4.58272e+122
6.11009e+122
8.14652e+122
1.08617e+123
1.44818e+123
1.93084e+123
2.57437e+123
3.43238e+123
4.57635e+123
6.1016e+123
8.13521e+123
1.08466e+124
1.44616e+124
1.92816e+124
2.57079e+124
3.42761e+124
4.57e+124
6.09314e+124
8.12392e+124
1.08315e+125
1.44416e+125
1.92548e+125
2.56723e+125
3.42286e+125
4.56366e+125
6.08468e+125
8.11265e+125
1.08165e+126
1.44216e+126
1.92281e+126
2.56367e+126
